SE:       30 integers,       20 finds,       10 removals.  Generating...
  TwoFourTree add:       0ms  find:       0ms  ----- After deleting 13136569 from tree
      46012189
      77814904
    87665298
      90835006
    158051302
      189861234
  215764588
      249037437
    252742854
      327998473
  336611363
      342179099
    342691263
      414906606
417108800
      446064254
    526301748
      569548985
  631482674
      654713205
    714504434
      746289310
  792426959
      852925376
    856420153
      874970313
    880641847
      956251262
      962720332
----- After deleting 46012189 from tree
      77814904
    87665298
      90835006
    158051302
      189861234
  215764588
      249037437
    252742854
      327998473
  336611363
      342179099
    342691263
      414906606
417108800
      446064254
    526301748
      569548985
  631482674
      654713205
    714504434
      746289310
  792426959
      852925376
    856420153
      874970313
    880641847
      956251262
      962720332
----- After deleting 77814904 from tree
      87665298
      90835006
    158051302
      189861234
  215764588
      249037437
    252742854
      327998473
  336611363
      342179099
    342691263
      414906606
417108800
      446064254
    526301748
      569548985
  631482674
      654713205
    714504434
      746289310
  792426959
      852925376
    856420153
      874970313
    880641847
      956251262
      962720332
----- After deleting 158051302 from tree
      87665298
      90835006
    189861234
      158051302
    215764588
      249037437
    252742854
      327998473
  336611363
      342179099
    342691263
      414906606
417108800
      446064254
    526301748
      569548985
  631482674
      654713205
    714504434
      746289310
  792426959
      852925376
    856420153
      874970313
    880641847
      956251262
      962720332
Failed to delete 189861234
----- After deleting 189861234 from tree
      87665298
      90835006
    158051302
      189861234
    215764588
      249037437
    252742854
      327998473
  336611363
      342179099
    342691263
      414906606
  417108800
      446064254
    526301748
      569548985
631482674
      654713205
    714504434
      746289310
  792426959
      852925376
    856420153
      874970313
    880641847
      956251262
      962720332
----- After deleting 215764588 from tree
      87665298
      90835006
    158051302
      189861234
    249037437
      215764588
    252742854
      327998473
  336611363
      342179099
    342691263
      414906606
  417108800
      446064254
    526301748
      569548985
631482674
      654713205
    714504434
      746289310
  792426959
      852925376
    856420153
      874970313
    880641847
      956251262
      962720332
Failed to delete 327998473
----- After deleting 327998473 from tree
      87665298
      90835006
    158051302
      189861234
    249037437
      215764588
    252742854
      327998473
  336611363
      342179099
    342691263
      414906606
  417108800
      446064254
    526301748
      569548985
631482674
      654713205
    714504434
      746289310
  792426959
      852925376
    856420153
      874970313
    880641847
      956251262
      962720332
del:      56ms  (        4 missing) find:      0ms  (Should be         7 missing)
  TreeSet     add:       0ms  find:       0ms  del:       0ms  (        7 missing) find:      0ms  (Should be         7 missing)
PS C:\Users\omara\vsCodeRepos\CS2> 